RGBA: 236 217 122 255
/// C1+C2*T
Cp: 2.753 0.000223
k: 76.64 0.2633 0.0002
rho: 0.7473 0.0002 0.0000005