RGBA: 255 128 0 255
/// C1+C2*T
Cp: 0.353 0.0003 0.0000001
k: 7.925 0.1375 0.00006
rho: 7.262 0.486 