RGBA: 55 55 55 255
/// C1+C2*T
Cp: 8.02 0.000501
k: 10.33 0.0154 0.0000007
rho: 0.593 0.000048 0