RGBA: 55 55 55 255
/// C1+C2*T
Cp: 0.593 0.000048 0
k: 10.33 0.0154 0.0000007
rho: 8020 501