RGBA: 200 200 200 255
/// C1+C2*T
Cp: 1.8 0.000143
rho: 156 0 0
k: 1.88 0.000522 0